100
51 80
39 49
60 69
90 96
38 76
86 91
15 21
4 41
89 94
79 84
24 28
79 93
58 79
26 60
87 90
92 100
95 99
22 32
55 80
46 70
81 82
36 88
0 14
8 74
13 81
34 50
51 83
33 58
88 91
18 92
43 55
70 88
28 28
87 89
93 100
19 65
5 39
70 90
17 88
95 100
78 94
55 80
8 75
16 17
78 85
33 71
67 85
59 95
84 92
70 84
52 71
13 55
39 47
26 46
94 96
73 87
53 66
68 77
31 100
92 96
33 85
41 76
63 100
0 43
0 86
29 99
29 86
91 94
42 85
37 79
83 85
79 79
92 95
51 64
73 75
50 94
15 71
45 55
13 35
21 32
98 100
53 67
40 66
84 84
80 95
6 99
15 83
23 51
7 77
25 54
69 92
52 90
57 82
49 86
47 60
96 100
53 81
37 43
11 83
3 12
